没有sigmoid的输出：
torch模型和keras模型第index:9层输出shape： torch.Size([1, 1, 1004, 1004]) torch.Size([1, 1, 1004, 1004])
torch模型和keras模型第index:9层输出截取：
tensor([[-0.1634, -0.2774, -0.2387],
        [-0.2090, -0.2224, -0.2314],
        [-0.1184, -0.1915, -0.1978]], grad_fn=<SliceBackward0>)
tensor([[-0.0980, -0.1156, -0.0430],
        [-0.0446, -0.0572, -0.0076],
        [-0.0426,  0.0031, -0.0029]])

有sigmoid的输出
tensor([[0.4593, 0.4311, 0.4406],
        [0.4479, 0.4446, 0.4424],
        [0.4704, 0.4523, 0.4507]], grad_fn=<SliceBackward0>)
tensor([[0.4755, 0.4711, 0.4893],
        [0.4889, 0.4857, 0.4981],
        [0.4893, 0.5008, 0.4993]])